  Iteration		V-variation
    1		  1.0
    2		  0.95
    3		  0.9025000000000001
    4		  0.8573749999999998
    5		  0.8145062499999995
    6		  0.7737809374999998
    7		  0.7350918906250001
    8		  0.69833729609375
    9		  0.6634204312890626
    10		  0.630249409724609
    11		  0.5987369392383783
    12		  0.5688000922764598
    13		  0.540360087662636
    14		  0.5133420832795057
    15		  0.48767497911553015
    16		  0.4632912301597525
    17		  0.4401266686517662
    18		  0.4181203352191769
    19		  0.397214318458218
    20		  0.37735360253530636
    21		  0.3584859224085424
    22		  0.34056162628811393
    23		  0.32353354497370823
    24		  0.3073568677250229
    25		  0.29198902433877194
    26		  0.2773895731218339
    27		  0.26352009446574165
    28		  0.25034408974245537
    29		  0.23782688525533224
    30		  0.22593554099256608
    31		  0.21463876394293813
    32		  0.2039068257457899
    33		  0.1937114844585004
    34		  0.1840259102355759
    35		  0.1748246147237964
    36		  0.1660833839876048
    37		  0.15777921478822776
    38		  0.14989025404881673
    39		  0.14239574134637323
    40		  0.1352759542790558
    41		  0.12851215656510462
    42		  0.12208654873684921
    43		  0.1159822213000048
    44		  0.11018311023500615
    45		  0.10467395472325336
    46		  0.09944025698709069
    47		  0.09446824413773669
    48		  0.08974483193085092
    49		  0.08525759033430802
    50		  0.08099471081759191
    51		  0.07694497527671373
    52		  0.07309772651287716
    53		  0.06944284018723224
    54		  0.06597069817787116
    55		  0.06267216326897795
    56		  0.05953855510552941
    57		  0.05656162735025205
    58		  0.05373354598274105
    59		  0.05104686868360275
    60		  0.048494525249424214
    61		  0.04606979898695229
    62		  0.043766309037604145
    63		  0.04157799358572589
    64		  0.03949909390643924
    65		  0.03752413921111497
    66		  0.035647932250562064
    67		  0.033865535638032185
    68		  0.032172258856132174
    69		  0.030563645913325388
    70		  0.02903546361765663
    71		  0.027583690436774333
    72		  0.026204505914936504
    73		  0.024894280619189857
    74		  0.023649566588229476
    75		  0.022467088258817824
    76		  0.021343733845878177
    77		  0.02027654715358551
    78		  0.019262719795904104
    79		  0.01829958380610819
    80		  0.0173846046158026
    81		  0.01651537438501549
    82		  0.01568960566576294
    83		  0.01490512538247657
    84		  0.014159869113349544
    85		  0.013451875657683132
    86		  0.012779281874799153
    87		  0.012140317781060617
    88		  0.011533301892004744
    89		  0.010956636797406105
    90		  0.010408804957535267
    91		  0.009888364709659925
    92		  0.009393946474176573
    93		  0.008924249150467745
    94		  0.008478036692942226
    95		  0.008054134858298312
    96		  0.007651428115380554
    97		  0.007268856709611526
    98		  0.006905413874132904
    99		  0.006560143180426081
    100		  0.006232136021402823
    101		  0.005920529220333037
    102		  0.0056245027593178065
    103		  0.005343277621353337
    104		  0.005076113740283716
    105		  0.004822308053270774
    106		  0.0045811926506047485
    107		  0.004352133018077353
    108		  0.004134526367170821
    109		  0.003927800048813879
    110		  0.0037314100463738953
    111		  0.003544839544055378
    112		  0.0033675975668501223
    113		  0.0031992176885076162
    114		  0.0030392568040831236
    115		  0.002887293963880211
    116		  0.0027429292656862003
    117		  0.002605782802401535
    118		  0.0024754936622812806
    119		  0.0023517189791668613
    120		  0.0022341330302069196
    121		  0.0021224263786976394
    122		  0.0020163050597616916
    123		  0.0019154898067768045
    124		  0.0018197153164365432
    125		  0.0017287295506136502
    126		  0.0016422930730826124
    127		  0.0015601784194281265
    128		  0.0014821694984590295
    129		  0.001408061023536078
    130		  0.0013376579723569648
    131		  0.0012707750737419587
    132		  0.001207236320052374
    133		  0.0011468745040517092
    134		  0.0010895307788487685
    135		  0.0010350542399066853
    136		  0.00098330152790993
    137		  0.0009341364515158546
    138		  0.0008874296289391737
    139		  0.0008430581474918597
    140		  0.0008009052401192207
    141		  0.0007608599781114833
    142		  0.0007228169792057315
    143		  0.000686676130246866
    144		  0.0006523423237325687
    145		  0.0006197252075459403
    146		  0.0005887389471688209
    147		  0.0005593019998109128
    148		  0.0005313368998223211
    149		  0.0005047700548281853
split
  Iteration		Number of different actions
    1		  950
    2		  656
    3		  403
    4		  338
    5		  808
    6		  856
    7		  461
    8		  500
    9		  625
    10		  465
    11		  467
    12		  273
    13		  365
    14		  541
    15		  667
    16		  622
    17		  273
    18		  365
    19		  541
    20		  667
    21		  622
    22		  273
    23		  365
    24		  541
    25		  667
    26		  622
    27		  273
    28		  365
    29		  541
    30		  667
    31		  622
    32		  273
    33		  365
    34		  541
    35		  667
    36		  622
    37		  273
    38		  365
    39		  541
    40		  667
    41		  622
    42		  273
    43		  365
    44		  541
    45		  667
    46		  622
    47		  273
    48		  365
    49		  541
    50		  667
    51		  622
    52		  273
    53		  365
    54		  541
    55		  667
    56		  622
    57		  273
    58		  365
    59		  541
    60		  667
    61		  622
    62		  273
    63		  365
    64		  541
    65		  667
    66		  622
    67		  273
    68		  365
    69		  541
    70		  667
    71		  622
    72		  273
    73		  365
    74		  541
    75		  667
    76		  622
    77		  273
    78		  365
    79		  541
    80		  667
    81		  622
    82		  273
    83		  365
    84		  541
    85		  667
    86		  622
    87		  273
    88		  365
    89		  541
    90		  667
    91		  622
    92		  273
    93		  365
    94		  541
    95		  667
    96		  622
    97		  273
    98		  365
    99		  541
    100		  667
    101		  622
    102		  273
    103		  365
    104		  541
    105		  667
    106		  622
    107		  273
    108		  365
    109		  541
    110		  667
    111		  622
    112		  273
    113		  365
    114		  541
    115		  667
    116		  622
    117		  273
    118		  365
    119		  541
    120		  667
    121		  622
    122		  273
    123		  365
    124		  541
    125		  667
    126		  622
    127		  273
    128		  365
    129		  541
    130		  667
    131		  622
    132		  273
    133		  365
    134		  541
    135		  667
    136		  622
    137		  273
    138		  365
    139		  541
    140		  667
    141		  622
    142		  273
    143		  365
    144		  541
    145		  667
    146		  622
    147		  273
    148		  365
    149		  541
    150		  667
    151		  622
    152		  273
    153		  365
    154		  541
    155		  667
    156		  622
    157		  273
    158		  365
    159		  541
    160		  667
    161		  622
    162		  273
    163		  365
    164		  541
    165		  667
    166		  622
    167		  273
    168		  365
    169		  541
    170		  667
    171		  622
    172		  273
    173		  365
    174		  541
    175		  667
    176		  622
    177		  273
    178		  365
    179		  541
    180		  667
    181		  622
    182		  273
    183		  365
    184		  541
    185		  667
    186		  622
    187		  273
    188		  365
    189		  541
    190		  667
    191		  622
    192		  273
    193		  365
    194		  541
    195		  667
    196		  622
    197		  273
    198		  365
    199		  541
    200		  667
    201		  622
    202		  273
    203		  365
    204		  541
    205		  667
    206		  622
    207		  273
    208		  365
    209		  541
    210		  667
    211		  622
    212		  273
    213		  365
    214		  541
    215		  667
    216		  622
    217		  273
    218		  365
    219		  541
    220		  667
    221		  622
    222		  273
    223		  365
    224		  541
    225		  667
    226		  622
    227		  273
    228		  365
    229		  541
    230		  667
    231		  622
    232		  273
    233		  365
    234		  541
    235		  667
    236		  622
    237		  273
    238		  365
    239		  541
    240		  667
    241		  622
    242		  273
    243		  365
    244		  541
    245		  667
    246		  622
    247		  273
    248		  365
    249		  541
    250		  667
    251		  622
    252		  273
    253		  365
    254		  541
    255		  667
    256		  622
    257		  273
    258		  365
    259		  541
    260		  667
    261		  622
    262		  273
    263		  365
    264		  541
    265		  667
    266		  622
    267		  273
    268		  365
    269		  541
    270		  667
    271		  622
    272		  273
    273		  365
    274		  541
    275		  667
    276		  622
    277		  273
    278		  365
    279		  541
    280		  667
    281		  622
    282		  273
    283		  365
    284		  541
    285		  667
    286		  622
    287		  273
    288		  365
    289		  541
    290		  667
    291		  622
    292		  273
    293		  365
    294		  541
    295		  667
    296		  622
    297		  273
    298		  365
    299		  541
    300		  667
    301		  622
    302		  273
    303		  365
    304		  541
    305		  667
    306		  622
    307		  273
    308		  365
    309		  541
    310		  667
    311		  622
    312		  273
    313		  365
    314		  541
    315		  667
    316		  622
    317		  273
    318		  365
    319		  541
    320		  667
    321		  622
    322		  273
    323		  365
    324		  541
    325		  667
    326		  622
    327		  273
    328		  365
    329		  541
    330		  667
    331		  622
    332		  273
    333		  365
    334		  541
    335		  667
    336		  622
    337		  273
    338		  365
    339		  541
    340		  667
    341		  622
    342		  273
    343		  365
    344		  541
    345		  667
    346		  622
    347		  273
    348		  365
    349		  541
    350		  667
    351		  622
    352		  273
    353		  365
    354		  541
    355		  667
    356		  622
    357		  273
    358		  365
    359		  541
    360		  667
    361		  622
    362		  273
    363		  365
    364		  541
    365		  667
    366		  622
    367		  273
    368		  365
    369		  541
    370		  667
    371		  622
    372		  273
    373		  365
    374		  541
    375		  667
    376		  622
    377		  273
    378		  365
    379		  541
    380		  667
    381		  622
    382		  273
    383		  365
    384		  541
    385		  667
    386		  622
    387		  273
    388		  365
    389		  541
    390		  667
    391		  622
    392		  273
    393		  365
    394		  541
    395		  667
    396		  622
    397		  273
    398		  365
    399		  541
    400		  667
    401		  622
    402		  273
    403		  365
    404		  541
    405		  667
    406		  622
    407		  273
    408		  365
    409		  541
    410		  667
    411		  622
    412		  273
    413		  365
    414		  541
    415		  667
    416		  622
    417		  273
    418		  365
    419		  541
    420		  667
    421		  622
    422		  273
    423		  365
    424		  541
    425		  667
    426		  622
    427		  273
    428		  365
    429		  541
    430		  667
    431		  622
    432		  273
    433		  365
    434		  541
    435		  667
    436		  622
    437		  273
    438		  365
    439		  541
    440		  667
    441		  622
    442		  273
    443		  365
    444		  541
    445		  667
    446		  622
    447		  273
    448		  365
    449		  541
    450		  667
    451		  622
    452		  273
    453		  365
    454		  541
    455		  667
    456		  622
    457		  273
    458		  365
    459		  541
    460		  667
    461		  622
    462		  273
    463		  365
    464		  541
    465		  667
    466		  622
    467		  273
    468		  365
    469		  541
    470		  667
    471		  622
    472		  273
    473		  365
    474		  541
    475		  667
    476		  622
    477		  273
    478		  365
    479		  541
    480		  667
    481		  622
    482		  273
    483		  365
    484		  541
    485		  667
    486		  622
    487		  273
    488		  365
    489		  541
    490		  667
    491		  622
    492		  273
    493		  365
    494		  541
    495		  667
    496		  622
    497		  273
    498		  365
    499		  541
    500		  667
    501		  622
    502		  273
    503		  365
    504		  541
    505		  667
    506		  622
    507		  273
    508		  365
    509		  541
    510		  667
    511		  622
    512		  273
    513		  365
    514		  541
    515		  667
    516		  622
    517		  273
    518		  365
    519		  541
    520		  667
    521		  622
    522		  273
    523		  365
    524		  541
    525		  667
    526		  622
    527		  273
    528		  365
    529		  541
    530		  667
    531		  622
    532		  273
    533		  365
    534		  541
    535		  667
    536		  622
    537		  273
    538		  365
    539		  541
    540		  667
    541		  622
    542		  273
    543		  365
    544		  541
    545		  667
    546		  622
    547		  273
    548		  365
    549		  541
    550		  667
    551		  622
    552		  273
    553		  365
    554		  541
    555		  667
    556		  622
    557		  273
    558		  365
    559		  541
    560		  667
    561		  622
    562		  273
    563		  365
    564		  541
    565		  667
    566		  622
    567		  273
    568		  365
    569		  541
    570		  667
    571		  622
    572		  273
    573		  365
    574		  541
    575		  667
    576		  622
    577		  273
    578		  365
    579		  541
    580		  667
    581		  622
    582		  273
    583		  365
    584		  541
    585		  667
    586		  622
    587		  273
    588		  365
    589		  541
    590		  667
    591		  622
    592		  273
    593		  365
    594		  541
    595		  667
    596		  622
    597		  273
    598		  365
    599		  541
    600		  667
    601		  622
    602		  273
    603		  365
    604		  541
    605		  667
    606		  622
    607		  273
    608		  365
    609		  541
    610		  667
    611		  622
    612		  273
    613		  365
    614		  541
    615		  667
    616		  622
    617		  273
    618		  365
    619		  541
    620		  667
    621		  622
    622		  273
    623		  365
    624		  541
    625		  667
    626		  622
    627		  273
    628		  365
    629		  541
    630		  667
    631		  622
    632		  273
    633		  365
    634		  541
    635		  667
    636		  622
    637		  273
    638		  365
    639		  541
    640		  667
    641		  622
    642		  273
    643		  365
    644		  541
    645		  667
    646		  622
    647		  273
    648		  365
    649		  541
    650		  667
    651		  622
    652		  273
    653		  365
    654		  541
    655		  667
    656		  622
    657		  273
    658		  365
    659		  541
    660		  667
    661		  622
    662		  273
    663		  365
    664		  541
    665		  667
    666		  622
    667		  273
    668		  365
    669		  541
    670		  667
    671		  622
    672		  273
    673		  365
    674		  541
    675		  667
    676		  622
    677		  273
    678		  365
    679		  541
    680		  667
    681		  622
    682		  273
    683		  365
    684		  541
    685		  667
    686		  622
    687		  273
    688		  365
    689		  541
    690		  667
    691		  622
    692		  273
    693		  365
    694		  541
    695		  667
    696		  622
    697		  273
    698		  365
    699		  541
    700		  667
    701		  622
    702		  273
    703		  365
    704		  541
    705		  667
    706		  622
    707		  273
    708		  365
    709		  541
    710		  667
    711		  622
    712		  273
    713		  365
    714		  541
    715		  667
    716		  622
    717		  273
    718		  365
    719		  541
    720		  667
    721		  622
    722		  273
    723		  365
    724		  541
    725		  667
    726		  622
    727		  273
    728		  365
    729		  541
    730		  667
    731		  622
    732		  273
    733		  365
    734		  541
    735		  667
    736		  622
    737		  273
    738		  365
    739		  541
    740		  667
    741		  622
    742		  273
    743		  365
    744		  541
    745		  667
    746		  622
    747		  273
    748		  365
    749		  541
    750		  667
    751		  622
    752		  273
    753		  365
    754		  541
    755		  667
    756		  622
    757		  273
    758		  365
    759		  541
    760		  667
    761		  622
    762		  273
    763		  365
    764		  541
    765		  667
    766		  622
    767		  273
    768		  365
    769		  541
    770		  667
    771		  622
    772		  273
    773		  365
    774		  541
    775		  667
    776		  622
    777		  273
    778		  365
    779		  541
    780		  667
    781		  622
    782		  273
    783		  365
    784		  541
    785		  667
    786		  622
    787		  273
    788		  365
    789		  541
    790		  667
    791		  622
    792		  273
    793		  365
    794		  541
    795		  667
    796		  622
    797		  273
    798		  365
    799		  541
    800		  667
    801		  622
    802		  273
    803		  365
    804		  541
    805		  667
    806		  622
    807		  273
    808		  365
    809		  541
    810		  667
    811		  622
    812		  273
    813		  365
    814		  541
    815		  667
    816		  622
    817		  273
    818		  365
    819		  541
    820		  667
    821		  622
    822		  273
    823		  365
    824		  541
    825		  667
    826		  622
    827		  273
    828		  365
    829		  541
    830		  667
    831		  622
    832		  273
    833		  365
    834		  541
    835		  667
    836		  622
    837		  273
    838		  365
    839		  541
    840		  667
    841		  622
    842		  273
    843		  365
    844		  541
    845		  667
    846		  622
    847		  273
    848		  365
    849		  541
    850		  667
    851		  622
    852		  273
    853		  365
    854		  541
    855		  667
    856		  622
    857		  273
    858		  365
    859		  541
    860		  667
    861		  622
    862		  273
    863		  365
    864		  541
    865		  667
    866		  622
    867		  273
    868		  365
    869		  541
    870		  667
    871		  622
    872		  273
    873		  365
    874		  541
    875		  667
    876		  622
    877		  273
    878		  365
    879		  541
    880		  667
    881		  622
    882		  273
    883		  365
    884		  541
    885		  667
    886		  622
    887		  273
    888		  365
    889		  541
    890		  667
    891		  622
    892		  273
    893		  365
    894		  541
    895		  667
    896		  622
    897		  273
    898		  365
    899		  541
    900		  667
    901		  622
    902		  273
    903		  365
    904		  541
    905		  667
    906		  622
    907		  273
    908		  365
    909		  541
    910		  667
    911		  622
    912		  273
    913		  365
    914		  541
    915		  667
    916		  622
    917		  273
    918		  365
    919		  541
    920		  667
    921		  622
    922		  273
    923		  365
    924		  541
    925		  667
    926		  622
    927		  273
    928		  365
    929		  541
    930		  667
    931		  622
    932		  273
    933		  365
    934		  541
    935		  667
    936		  622
    937		  273
    938		  365
    939		  541
    940		  667
    941		  622
    942		  273
    943		  365
    944		  541
    945		  667
    946		  622
    947		  273
    948		  365
    949		  541
    950		  667
    951		  622
    952		  273
    953		  365
    954		  541
    955		  667
    956		  622
    957		  273
    958		  365
    959		  541
    960		  667
    961		  622
    962		  273
    963		  365
    964		  541
    965		  667
    966		  622
    967		  273
    968		  365
    969		  541
    970		  667
    971		  622
    972		  273
    973		  365
    974		  541
    975		  667
    976		  622
    977		  273
    978		  365
    979		  541
    980		  667
    981		  622
    982		  273
    983		  365
    984		  541
    985		  667
    986		  622
    987		  273
    988		  365
    989		  541
    990		  667
    991		  622
    992		  273
    993		  365
    994		  541
    995		  667
    996		  622
    997		  273
    998		  365
    999		  541
    1000		  667
